1245
300
1019
6431
4201
2862
2525
3514
9277
7819
1876
6625
2205
8515
2560
9853
8971
9674
6228
3228
8069
9371
5373
631
9704
6606
1144
9335
904
6096
3145
4414
2661
3331
965
1980
6385
4478
6225
4849
9518
5029
5265
5232
1598
1257
3179
4344
8760
9759
9927
6194
6039
7431
596
3258
1687
7793
2145
2601
1745
377
8732
1825
3393
5573
3511
6089
332
6584
1287
764
5613
4331
5922
2655
2891
172
6861
5089
887
8758
1154
9637
8082
8762
2544
2146
5241
9231
6548
1213
1377
8837
9219
967
8128
5014
9096
3553
9787
208
5444
4853
3479
8462
3974
3606
8335
6454
8674
8925
135
697
962
5438
2395
2954
6403
8296
1830
7148
9825
1188
4457
5293
4448
4311
1695
2380
7493
2046
2362
7900
9425
3326
3841
2953
1142
5713
3518
5412
1298
4320
4655
7354
9710
6976
4669
26
8115
4030
9304
7616
1217
7574
8471
6015
7548
8338
8507
7941
5012
9507
1560
9069
8827
304
906
2
6722
7983
9353
1403
8367
6008
2223
7141
3015
9885
2508
4692
605
5994
5143
4611
1666
4048
7649
1064
1609
4984
7899
8502
3817
660
5337
7659
2155
8664
6819
9198
1227
2586
2747
9122
6002
4992
5319
9245
7770
4896
4589
1586
1918
4605
4011
8141
6411
5755
7731
1331
9747
8070
7831
9396
5874
2910
9260
5075
6107
5519
3330
7906
937
1398
9150
4866
5466
6392
3069
8374
1285
6077
7491
9166
9135
564
840
7476
5620
443
4938
5345
1186
1918
4819
416
4610
4709
1117
4906
5225
3080
7965
4393
8530
2480
6166
5212
7450
7787
8151
564
4921
9987
9104
4283
655
4349
4793
1963
5777
1074
2117
7370
7441
9245
407
5396
2597
7190
3820
6007
9653
5142
9157
943
974
1996
2603
1341
6176
6789
8488
5870
1212
9202
1756
5417
6193
7180
57
2432
5296
1318
3924
4864
3205
4325
8633
7471
4081
1322
6782
2747
8378
7551
7361
330
4166
9738
4685
2720
2955
2614
8491
744
6958
9159
9143
6316
2796
9961
8791
9174
1407
2367
2225
1321
4822
2174
7277
7231
7512
4522
236
2316
2829
9984
8882
9456
7272
4919
4213
4288
5295
7805
4095
8992
7118
7621
2344
4977
2581
330
3468
7863
4446
4305
652
7239
455
1519
4388
7220
9666
6610
6113
2077
2601
4193
2050
4480
4531
4446
4871
4682
1347
6341
1
6686
8321
5220
7042
8252
4414
6540
7478
1562
4887
2674
6314
1266
3375
400
7188
7460
7238
8106
4608
7696
1048
3985
3927
7841
6341
2327
2387
4895
37
9179
194
3912
1039
8435
3848
3766
3895
7894
8996
6278
4031
4937
6975
8792
6310
8333
4640
9556
4233
5074
3989
34
6509
5237
9831
1454
8247
3389
1079
2483
8612
4610
661
5607
4489
5398
7908
2366
7816
6555
8782
7953
3832
19
6960
6359
8391
7109
1302
5918
3712
3770
8497
9617
2681
2185
5477
7393
9880
6555
4200
7619
5514
8736
5297
5765
6892
3404
3246
9114
5371
7817
3818
3416
6433
9501
7805
1182
2136
5123
3786
2419
5387
4556
7874
9052
5901
987
4710
8229
38
5047
4982
6042
9903
1927
6737
2201
2879
6332
9794
1924
2538
2589
4489
3007
8124
2003
7879
5281
9709
1714
97
3472
2437
8701
3942
4353
5107
3895
5164
6617
1203
567
4917
7321
3580
6210
6358
3048
1369
5967
3500
1775
299
1593
8630
7772
9326
2663
8378
6809
3215
7107
4167
3968
9223
8093
3876
9868
3992
3278
2198
5758
3083
1201
4517
3532
6193
9488
6832
7776
7939
1383
6456
7677
9678
1063
8263
9962
1552
3631
2143
1213
4215
3468
8077
8103
3911
9664
6700
8822
3254
2807
2307
2119
5359
9851
7422
7432
2063
5824
1030
111
5226
9806
2323
3973
5419
7633
2952
5668
2620
2279
1444
489
312
242
3878
9060
8475
1286
3223
2798
1439
3810
1922
6241
4950
3271
1076
7623
2099
7132
5363
981
8397
4344
4357
7954
1101
4981
5305
9603
7438
6731
6284
62
7792
2066
2642
2388
1058
4584
6116
768
6201
2538
7769
820
8315
191
4850
1927
2299
7466
3474
9605
172
7394
9983
355
9948
5999
2826
468
7870
7792
4937
1334
5342
1501
195
5614
4091
41
6271
1173
3237
6653
9001
8162
6066
5769
9025
5427
4344
7382
3487
7603
6936
4265
2600
8832
7850
3856
8305
9602
2126
5570
6938
5030
2274
236
6211
27
9866
5314
2826
6579
5501
155
9192
9566
7643
9573
4612
5310
7497
4893
6535
200
5867
5710
5394
6962
9591
3243
3286
2304
1607
39
2870
9243
1758
6200
2972
6729
766
1617
5845
126
5117
9995
8992
9262
1435
5368
8119
6188
7042
6812
6312
1270
9469
17
8775
1372
96
1041
4723
5610
8027
6966
9815
4597
5855
8111
219
4095
6255
578
5684
8657
333
9645
1812
506
6486
9886
7902
2968
2981
3369
1383
4473
5238
4287
7767
2959
4287
7929
3816
7203
8846
2173
7571
8709
9257
5389
8645
9566
7625
1870
4357
5937
5269
8454
9360
3787
5518
3833
3061
4793
2535
629
3923
6892
5348
61
1828
2506
9350
6014
1485
1161
6149
6683
8675
6064
8868
1498
8874
8293
5215
8654
8178
8752
6423
2969
1302
1884
651
6735
219
634
8816
758
7460
8753
4708
4280
9946
1630
6783
7464
2937
8159
467
8365
6358
5708
2926
9622
8461
2742
6422
7926
9673
4144
3997
7483
1908
6486
9530
6816
165
7814
1838
5839
3967
9767
6602
2701
1777
6389
3118
2462
4735
1158
8976
2259
5293
6384
2
1169
6598
478
6246
305
1075
9950
2295
7174
4914
7282
4092
2287
4192
2297
2955
4043
2475
978
716
2960
7362
6615
1001
8906
9834
3065
8770
5055
9727
3801
2697
9099
9946
1036
348
1810
9421
5410
8948
8226
243
2325
7750
506
873
9165
5881
4282
8918
4529
9734
749
1571
628
10000
8690
9142
1221
6588
9202
1769
5900
6011
7784
2338
9650
8933
2805
476
4376
847
6980
6334
6105
2962
2534
670
4967
9312
6759
2021
6172
1578
6384
3968
7525
4535
9917
735
188
9516
7912
1786
8773
3655
180
8976
3549
3383
691
5594
795
4550
6257
7309
137
8729
6019
1737
8562
4714
7194
9311
9026
5456
512
3925
2618
1874
9078
2853
4880
4640
8632
1204
5889
8312
8525
1140
7953
7051
2257
7416
4878
6973
1643
7182
3323
833
5145
2190
3762
4057
3529
9853
3334
7696
5982
9401
2373
7578
9055
9700
4778
4187
3704
3042
9589
8863
5126
7031
9690
2741
3587
3998
6462
1389
9714
8552
1028
753
809
9948
31
9881
4689
7909
6106
9652
9856
3373
336
3473
634
1313
5358
4692
8323
7069
2719
2842
1440
6768
3489
4186
7016
993
9940
1269
4343
6217
9820
3847
378
8395
6791
3212
8703
1235
5132
4558
9316
8873
2960
95
2187
2751
8223
5384
4494
9715
2858
4178
1471
9552
2518
6663
7258
3850
5067
1240
5379
3475
4065
7297
9422
6309
4077
6591
7519
8569
3499
2252
6024
3431
3965
2467
6563
3299
5170
8836
8685
924
3104
4871
5897
7724
6025
131
4218
9174
1779
6139
5623
848
3684
5578
9017
8618
7542
3884
3122
6798
4033
3071
1727
8442
6796
975
8030
3604
7093
1718
9779
8738
3459
7434
2160
8310
3281
6070
1668
3763
4696
5686
8109
3662
3202
2457
9995
2187
239
1716
3610
9831
2701
8341
7035
4948
810
1537
5992
8372
8853
9165
977
5873
9847
8685
7344
1993
6967
464
4144
1487
9012
2337
9306
8266
3795
135
7929
596
9737
3732
3728
6139
6734
574
4850
2785
1391
9520
5192
6250
8672
9835
4365
9786
8749
9796
6449
2684
2723
4579
3089
4234
2733
3312
3080
6928
7027
103
1327
5736
6055
4054
4999
3231
2465
5001
5757
787
421
2932
6198
6381
993
2283
7760
9314
8790
5823
9246
8802
580
9348
4715
4913
4163
4521
2715
417
2289
9765
6269
4365
5896
9457
8272
7412
2202
1555
5507
853
7294
9547
2742
1702
9002
9085
5247
5193
2744
3388
5460
6739
2218
450
7456
6492
1112
365
4916
6750
3052
5150
8318
6483
40
2335
2561
8061
5744
5317
21
4599
1365
9791
3498
502
2399
7839
8250
9035
3846
5606
9971
6947
8694
5776
1292
2631
5783
4420
36
1388
8317
6757
8999
5654
3826
6404
8768
48
4806
5102
3988
8346
1884
8834
1774
6429
7176
9308
5844
6387
7604
8391
4179
4736
9039
4595
7761
2609
7081
5059
9662
9742
6492
9041
6627
4012
8783
4336
6379
9260
7012
1361
3150
3791
1365
2753
2204
3818
9888
5080
382
895
7436
4744
4881
9014
9019
4087
5121
4025
3275
5132
4202
2543
1577
8776
6338
9887
1392
6588
4172
7954
4602
7660
4912
8973
1947
678
5539
8426
5038
942
6333
9698
3616
9882
8098
3234
3893
2952
9443
4246
5701
7515
9924
7281
7114
2468
3672
5958
7277
6586
8462
763
5028
8964
2374
6289
6158
7227
7076
3566
1290
9869
9840
5871
4345
6505
6680
5907
2362
2617
1215
3485
9442
4767
6262
5471
6575
7529
6395
5716
8109
7884
9828
1672
8902
4044
7837
2721
5785
8125
9896
4496
9563
6913
6113
1954
7180
8096
1689
9434
9345
7697
8465
887
5084
5210
5990
7421
4903
9794
5114
8288
1199
9951
1477
5078
2026
6784
555
2146
7631
8117
4329
6722
5491
4809
2039
972
5913
8034
9684
8080
6218
2120
5520
7754
1451
4771
3944
8489
3150
6680
2903
1931
3134
3866
4583
4807
9262
5604
5787
2691
8051
2835
4308
9112
527
5441
6747
1582
2442
8057
7124
9328
5386
8789
3541
5888
4507
617
949
1527
5327
5185
1942
6064
3308
2121
9129
3688
5750
2421
4738
2282
6175
1489
976
8600
4903
6768
1829
1319
4197
6817
5666
3732
170
3628
6032
3738
5393
562
2074
4855
2882
2277
2546
4876
4733
1037
8571
3950
6340
471
7449
2352
5714
6178
5100
4488
1110
6676
6466
5918
4422
1935
4945
1282
9035
8392
9128
7572
6203
1232
1494
7915
6636
1826
9153
8051
6933
625
1021
176
5647
4295
1826
906
3629
4252
694
8196
3616
3506
8445
3795
8958
8786
7241
9191
5735
6205
2077
721
8436
5133
4168
6170
2734
9422
6538
8753
5510
7383
9917
595
6385
6774
53
6880
4592
3167
2191
2870
3126
6421
8938
5556
7901
8761
3893
9378
1173
1165
4974
8998
2438
4922
2694
8255
8720
6431
7984
5220
7878
4760
4371
8691
8021
9438
2774
5981
1898
1354
2800
6696
8298
7956
2490
4083
9164
3606
9714
1564
3753
3709
3402
6290
3441
3045
9421
7414
3719
7651
9903
4764
2270
8977
5359
3701
7589
4343
1619
7325
2006
7602
6483
5824
1829
3791
5041
4244
9879
1796
8506
2875
8870
9495
4179
2550
6748
9535
572
3242
9080
7052
7413
8869
8159
3790
6873
2451
7842
4959
2951
6015
8414
2388
2231
8633
3282
308
2550
9718
5050
7093
7772
5836
3406
9408
5287
5668
5533
2368
8382
2013
5091
7478
2190
5134
108
7334
1251
8197
6343
3193
8541
1479
6548
1085
2950
2459
2551
9535
2360
766
2749
506
1264
2209
6840
5848
8793
6637
4663
5635
4580
5827
2686
8908
7071
2689
6786
42
129
5613
3479
384
958
1802
2896
7808
103
4851
19
3468
260
4542
9675
3620
2822
6398
7788
249
4857
4289
3498
8182
4224
295
3759
4168
1359
2767
3838
5478
70
552
401
3640
7824
4950
5948
2563
2528
9175
7067
9660
1364
740
1430
6688
9489
86
6731
7147
2245
2678
2575
8049
2457
1069
7730
6834
2270
9838
1005
839
3365
2208
5790
6711
4418
4531
7217
7160
5736
245
4321
9330
4139
7916
2618
2420
9683
5722
4025
3989
1672
9604
98
7186
479
1417
3797
4266
2378
5770
8985
8475
5569
9938
7708
2435
3624
5212
1610
1830
5669
1178
3980
5275
3900
850
7908
3260
9557
6366
3305
4967
4213
2544
279
346
2707
2516
8112
9548
1139
8896
9479
3884
2181
4742
5671
9043
6338
1088
7219
2040
6699
7463
7476
6053
4058
5109
3487
7728
6944
7688
2904
2592
4813
1484
1890
375
6957
7763
1366
2696
5290
4888
5788
3436
4606
5507
1966
1898
7962
7995
8598
5618
7311
1926
3773
603
735
4217
7550
1334
1754
494
9000
7049
1556
3953
8079
1834
2886
6960
2600
2446
4764
5550
6047
6207
6205
9323
4302
5410
8364
7861
6140
471
4540
6724
3362
9233
9549
1984
3713
9131
9587
920
9378
5354
6509
9427
7189
3744
4009
9085
6633
4013
9682
1405
668
4635
374
3938
2834
702
9536
6022
9615
8294
8262
7294
5266
240
1902
3809
7270
5952
132
8342
6105
3276
2480
8569
1683
8481
6856
1399
1366
1790
7517
8911
395
5435
5054
8224
6097
6985
6782
9220
106
3307
6119
1880
5486
7571
2321
7337
1598
1938
8512
3559
5332
6494
1253
9661
3783
6153
9307
767
4911
50
5927
5809
7450
8931
1198
1292
4571
7642
2550
4328
6177
7328
4111
2883
1802
3017
2471
3978
254
1231
4759
5066
481
9717
6205
1006
7757
8439
7202
1485
8666
8700
8124
1535
5718
6634
2815
7366
6522
7417
9076
8045
7547
5010
2515
5024
7574
2841
54
712
7129
3995
4181
1724
9993
1032
2176
9196
3361
408
1718
2472
640
7285
9506
7358
8169
1622
9235
7801
5413
6099
1662
3342
6853
4668
7146
5944
1712
9941
5883
7602
9543
6201
8770
8492
8640
4781
4522
10
9513
715
9026
9217
2946
3070
5289
2200
5391
9324
2017
5406
4934
7995
4677
7769
106
9382
1162
2041
9434
9095
3424
8660
8054
3667
2847
3756
6508
7
9483
8217
2173
7397
8593
4935
4791
8195
2922
2693
3248
5202
4063
1313
1362
6448
7067
2261
8538
9979
8487
5670
2948
5335
8376
913
7307
3755
5094
3559
4180
8002
3355
7537
358
9130
1941
5495
9734
5249
8841
9559
1406
6168
3640
99
8901
6638
9223
9035
8879
2689
8034
5052
8684
7203
6266
5917
2292
7777
8127
7125
6636
1241
3112
7800
6670
622
3771
1687
9474
8555
6111
5009
7312
1613
7817
2690
5876
2406
2025
9594
857
6862
9976
7958
9400
4366
4556
4315
2702
5915
7374
6799
550
7462
1409
3075
2779
4171
7133
8004
7470
8448
1699
7418
4855
8135
1930
1479
323
1217
8437
2861
5830
4807
392
1673
5801
2
3774
7246
9354
7820
8500
2539
3562
2120
7315
2077
4860
9684
7292
7508
6745
422
2302
6774
6367
6103
2178
4648
4415
5100
442
9241
8926
1303
643
7677
8048
7554
5153
4961
7501
3330
1351
5376
8973
1753
5352
9757
3331
5621
7806
8987
1837
9228
3326
2277
2520
9849
2081
9600
1316
2792
6110
3601
4596
106
7415
6834
9851
8408
7981
6168
8189
4823
3697
4287
870
1440
4387
1505
6571
2783
1960
7866
7728
5381
3433
8943
2463
7238
5157
8247
361
908
7107
4619
1682
6478
5267
7176
7747
5257
4763
7011
4678
8526
3858
3371
1463
2107
8680
917
1744
2875
2431
9698
8375
9019
8113
4190
3561
7237
149
9017
4528
6807
8429
138
2430
5146
9229
995
8208
7248
7332
8089
1944
7362
1838
5577
1363
9512
7250
4769
5638
8701
9701
2276
8333
7862
2734
5018
9548
8300
1627
5996
9583
7102
4386
8386
1071
1968
3645
3005
1463
3984
2871
6023
8928
8371
8569
4818
4898
8217
6991
6793
1273
4862
5747
7059
7166
4417
3596
3585
6925
5755
4176
874
8012
6609
9330
5331
9253
3462
8739
6289
1867
4518
7668
3038
272
3873
9957
1577
6875
7756
1262
3255
6774
9457
2144
2159
4070
4465
90
8952
2666
4488
6987
9010
9353
57
421
7521
2505
9664
9728
4477
9527
9129
6760
2818
4944
3201
3245
7202
8198
6354
5286
9169
4277
1623
4167
4661
4864
3737
4003
5188
3193
4409
9363
5444
555
4447
9387
7179
8896
4544
5773
3935
6272
9139
5080
668
2861
4369
5558
9034
6866
49
8752
7390
7624
7421
7534
4859
9357
6869
2546
5769
3157
8886
9418
1131
1234
2292
6289
8381
440
4498
2311
2934
2253
1113
2744
300
2077
2729
6476
5644
9830
5154
5014
8109
2438
5515
340
1213
7729
1227
4597
2354
9944
23
3409
2228
5070
9058
6838
2799
1284
4942
3922
2241
6953
4745
246
4598
5114
2672
2209
5683
6778
9058
5343
9986
3392
1087
7076
1412
9503
712
5368
2288
8461
2665
1888
9729
8555
1907
7134
2303
2917
4797
933
488
7509
9768
7821
6357
7570
1771
2234
2180
2125
2816
9938
4065
5162
2293
4578
9742
728
6617
9952
580
9307
8376
7988
6757
5771
9113
7806
4036
4079
5292
9715
114
2926
9541
4684
4405
8804
5128
9409
3755
3184
2635
1520
4647
5388
9821
7763
9579
2591
1158
3683
3358
7015
6786
7558
7125
7961
7172
5103
4453
8552
4575
8519
6441
7147
2494
2869
3085
2812
5259
1127
954
4291
6653
846
9114
7571
2419
1590
8360
693
4578
2166
5026
8491
3964
426
5138
189
9954
8135
186
93
8162
8653
9006
4350
252
3600
9144
738
2384
3293
837
6887
2907
523
3058
1303
1504
1337
5683
9469
9110
5777
9519
8545
6150
7869
8769
5149
9810
2864
7725
8316
4016
5991
6565
5549
5125
5068
5507
5642
3365
9618
7043
42
2288
9256
5803
4979
4255
974
2113
428
3007
8731
9161
7995
929
5587
3210
7917
4152
2327
2666
3596
3336
7052
7255
1194
6790
9901
1288
5390
6169
9118
9188
2559
2194
5854
7870
5770
1366
2075
8509
8425
5392
8003
8402
4868
8822
3982
2681
8685
3340
6739
1989
967
5000
1439
594
2778
3588
8830
9724
2036
239
2202
5183
6672
1911
967
9948
8471
2743
7860
2113
3231
8677
955
6634
1769
9791
8340
9116
3143
378
1329
534
9645
1113
6089
6760
4222
9119
3353
5057
9880
2731
4119
6725
6898
9738
7452
2681
4307
6206
5933
8253
1763
9651
1995
347
3566
9645
6853
2235
8787
6347
3284
8489
5674
3575
6134
203
6465
5291
5649
1252
9745
2479
1429
8510
6487
3105
6995
6354
6768
7506
2225
7052
3059
2340
6582
9058
7903
781
5645
3597
4176
3003
3512
2689
8874
7177
1489
5145
1074
7272
1364
5765
8869
9853
8257
1648
9418
8834
8710
3438
4241
2362
7639
351
3518
1879
3599
2025
2395
3168
2613
4895
8703
7934
2521
1840
8519
8867
8744
3766
2255
4214
8282
8553
4137
1609
6647
8218
6748
1550
2590
6513
3403
2386
7186
9381
9126
6936
9243
3076
3338
7037
691
9908
8962
6892
8452
7687
2816
1515
9737
6624
2902
3491
2833
7880
8918
1613
4978
9489
2905
7688
6092
3156
8000
6356
5852
8477
5307
1267
2271
9492
7722
6295
1833
2456
9189
4955
1847
6266
3275
7469
5914
2224
2669
2597
8806
8533
9924
8198
9354
5489
1989
5423
154
7725
6140
2571
3944
546
4837
1162
7581
7338
552
6706
1937
4756
352
8396
9971
6360
5334
5736
728
8676
1491
2217
8006
8128
1586
7694
2533
8988
5214
4660
4698
4748
9568
9196
5192
277
2137
189
2081
3369
1080
5616
6474
1996
552
2838
7126
3335
7280
2661
8983
9256
7452
8332
1082
4846
2708
2610
2100
111
9888
1103
6622
9247
3982
3468
6652
9733
7979
1688
1773
9290
7495
1902
6338
991
3934
650
9960
6337
1233
7883
2815
5758
7361
9166
8263
9223
8548
324
6027
9129
539
4381
645
4724
4581
979
2657
248
1349
6274
4444
8705
2518
3042
9634
76
2574
5416
3338
3296
1218
569
7245
8894
1486
4074
2432
1360
1394
9326
7766
205
2052
3040
5650
5620
4408
440
1109
9046
1000
3149
1508
4120
6536
1400
6732
5704
6100
3659
8506
7088
7120
6012
2402
3684
4562
4403
6615
5081
2533
6725
2904
3750
4310
6541
1738
4071
790
8264
1556
4017
9239
9374
8725
6491
7710
3551
1628
7159
769
89
4263
5331
4735
1387
9935
2290
4563
8279
8799
5076
3956
8617
3760
8368
2762
6949
1916
1254
356
2314
9658
8686
6826
6705
3767
9580
3247
4169
3231
2501
8472
8491
9343
7603
3077
9073
7599
9164
3900
9113
9585
1348
1043
4538
5186
6196
5812
6325
7437
4432
5806
7155
9258
290
9370
9681
1166
7610
4844
5295
9103
7344
8077
7177
7723
7039
5264
6555
650
994
6037
8858
9909
6555
8777
4235
9358
9350
320
1374
4349
4347
1489
5817
2650
234
3768
6143
5274
1560
1834
3903
7864
9161
1725
9810
9212
2632
5193
8743
7298
1074
4865
6806
1740
9368
9156
9030
1242
8712
5791
4598
9468
4271
998
6324
5069
831
6111
8747
3774
6367
6055
2775
3110
7616
1461
6284
2587
6979
654
397
6154
6324
1194
6476
2399
9813
196
6415
8296
7465
9547
4683
3661
2010
6292
5428
2381
4165
8583
3190
8408
7651
9022
5232
1156
293
6314
2858
7260
3776
4894
8418
9050
7065
3239
1086
5794
5331
8228
608
3836
5295
7739
1734
2346
6293
6527
4787
4164
1185
4153
8389
1206
8927
4396
8140
2285
1839
7716
4094
5349
7304
6521
2895
74
2237
564
769
2097
5969
9064
4830
4413
3170
3457
3025
8617
205
5910
7553
7571
1618
2720
9506
4170
8999
8840
7361
433
2065
7248
4030
6215
7677
5192
443
9420
2430
4971
8653
4615
6714
7608
6395
7981
4542
3225
3748
7014
8906
2134
424
3099
2940
6328
1235
7333
1755
8213
4615
5206
6264
7748
7405
3316
1166
1073
5369
282
860
641
8949
403
7971
7214
3999
3673
522
504
6490
7674
3860
7684
3388
7704
8860
8125
1675
1182
8509
3923
2029
9870
7515
7722
6588
860
6546
2728
1856
5915
2038
4632
1779
2073
2630
5680
8645
6814
9504
4687
8957
8064
6446
6326
4454
7180
675
6783
5111
989
3424
4943
2342
2397
9757
4981
4427
4962
8514
5606
8293
9937
909
3967
349
5613
8696
6982
4965
9444
3861
1602
6449
4146
1122
8968
7571
2080
4249
8000
6048
2708
3062
7753
2205
7772
4704
1464
7667
2581
2964
156
7413
268
4155
3121
2924
1207
770
5629
7309
2419
548
5038
6627
9676
5447
5886
7500
5795
8742
3008
7519
5462
8450
2633
9388
7694
6432
8415
6503
1203
9624
6466
8580
4463
1893
8164
4310
8448
5175
5315
296
186
967
8803
5859
9962
8508
8401
4455
8244
1194
9120
4632
7284
2367
3798
848
1812
7952
8277
1793
1186
4870
3389
7716
1509
8979
421
4813
7111
185
9321
1003
5999
6929
1209
5650
7569
5927
5411
9606
9981
5752
9619
8183
4489
5961
6662
3721
719
7684
9170
2189
2119
7850
1183
6026
578
2153
8618
3014
5378
9264
7088
8471
8909
8249
8844
7973
5226
4714
2021
2754
934
6801
63
3720
2562
9206
6704
1978
3082
6856
5076
2319
1565
4514
7031
4653
9530
9001
1310
5260
6709
5903
6094
8584
8131
1118
8233
1453
5811
6094
2738
4000
614
3876
8297
9621
4607
9894
2494
2570
5000
1001
5821
8661
24
5549
6969
5221
1463
2742
32
8142
3764
3951
4052
9845
6503
9809
8240
9824
7469
7682
9674
8319
8956
4822
5801
2826
7032
7911
6808
2146
8728
8457
4903
8491
8746
8811
4647
340
2192
8171
1575
3514
1629
4441
383
1661
3491
7908
6671
6294
1674
7767
8899
32
8598
5183
2927
3225
6665
9357
9978
5356
8309
3305
7063
1628
4756
1085
3384
3033
7606
7035
9511
1919
6605
4360
3916
8902
5761
5458
5861
8587
2890
603
4964
3327
4148
2592
8787
92
4832
9194
1866
6433
8416
994
9843
9326
7069
4779
1974
5556
7224
1307
4453
6753
8490
5426
8106
5726
6975
6010
8591
6920
1092
5145
2184
6670
7968
8493
6896
2318
1308
1011
4019
3388
9789
1448
2389
7751
2192
4010
198
5526
2974
2730
9958
8910
8269
1712
1314
811
1156
7447
9302
2770
1996
891
218
6679
937
8827
4316
9772
2691
9194
4390
9605
8002
2402
5473
3111
5714
4211
3547
3285
287
405
9496
7868
5597
698
5534
5855
3747
6917
28
4704
7412
8775
9233
4171
1928
9905
5142
1169
6818
1848
5736
8379
4499
9054
2551
3418
6020
2973
7632
5885
8328
5957
1410
5131
4712
6412
6703
3220
3186
1141
6181
299
5461
3112
4002
1590
2629
7734
3019
5650
3770
2089
7088
6935
3508
1219
8185
5410
6023
4948
2008
8026
798
5713
1312
5111
7550
3522
5004
5952
6633
3267
6219
6299
932
1521
2143
2036
3591
653
8504
6753
2814
7374
4576
3681
2418
9861
4447
7766
2636
4479
5084
4972
2245
804
8940
1716
9615
4133
5813
1533
7932
7159
8471
7360
702
7048
5607
2340
233
4698
7113
3892
3334
6797
7721
7207
3119
3314
4229
3085
3419
6433
5800
4232
3090
9561
8608
6304
8394
6165
5712
9542
8332
2401
9013
8980
2695
1019
4908
831
3350
6918
7080
4327
5204
8562
7051
8101
4914
2045
40
5596
2798
4178
3457
333
8232
8753
8871
6098
8597
2643
1757
1734
4779
3561
5616
8109
2053
3503
7979
7139
3767
2820
8648
179
5846
7276
2293
501
7026
4760
2611
7756
1101
2410
7593
9353
7426
5392
9276
5130
7686
9015
3842
9606
9086
9995
5682
7768
1737
7470
701
91
2351
6583
1314
1539
9041
9289
1599
7366
5551
8926
2267
2365
1276
5647
1679
6894
3421
7264
8793
6228
6835
4079
4100
9870
3234
7684
3542
1670
5807
2459
9952
4524
2425
6879
3889
3724
565
1806
4234
7937
9410
9202
6665
5737
7408
3384
2426
4685
8046
4670
1632
9370
165
3185
7641
1289
2089
8828
9530
326
9577
6682
9931
5758
8688
1362
350
2735
1352
2568
4393
7708
7394
2825
8748
4088
2450
2025
7471
9225
4268
702
2158
7125
1806
9323
9112
3130
5956
5563
4251
4723
8753
6866
815
5853
5163
171
3081
4637
6843
6669
7513
1996
9127
8567
7969
1854
1745
1576
600
947
5269
9886
8150
1295
5101
9303
3375
8849
2182
7714
5970
6628
8951
4636
3768
5737
1301
1593
5792
506
4555
8551
1234
4945
1376
6685
5074
1173
9719
8673
5377
6332
3140
2775
5714
1383
1719
5702
9807
2156
3499
7169
1719
1716
234
5997
5245
7910
9757
9778
3877
8035
3843
6801
6651
2124
1138
5805
319
1926
4487
8793
5020
8426
2095
7624
122
4156
5138
119
8172
6483
6517
8016
9654
7479
2479
2001
7907
9971
1475
4318
1803
2977
4829
603
3261
2326
4607
8405
3170
5637
4974
2752
1210
172
8031
3589
768
8573
6110
535
7019
6139
4103
8911
5379
9876
1549
7566
8314
731
9043
9980
7588
4573
2979
262
5557
7953
8180
4105
8874
7207
2887
6104
8248
6312
1036
170
2073
3240
2858
5089
7598
231
7691
6116
9146
5774
3365
2221
9458
6097
5340
4782
1663
1358
1973
3907
3141
9733
8682
1693
7552
3705
5266
3906
2534
3669
6991
7026
5696
7688
6701
7372
7386
564
2457
587
6988
8019
7630
2853
1142
6013
5429
7487
4391
3586
6661
5101
5977
6474
4494
6272
5524
2460
5596
4891
7062
6389
3122
5987
2818
4686
64
9101
3537
8875
1907
4696
8707
3163
7608
4211
3545
2759
5267
5445
6085
8603
5894
6514
9445
4530
2732
1295
7295
3937
9503
7842
8616
3383
6241
231
9549
7774
1940
6284
2015
5244
3136
1722
481
8901
3897
6796
3259
4521
2744
4545
6070
8233
8477
4462
2893
4445
8356
6177
3706
2649
1290
6103
4422
5618
2023
9604
438
5807
1358
1921
9743
4007
1315
6143
241
4669
3116
4570
1603
5233
6414
38
9007
9272
9854
6608
9076
805
6815
8023
577
6571
3009
2835
5171
3268
4354
1089
334
3368
57
5645
1518
3214
8493
1738
3980
7578
8858
901
1697
9924
7354
9950
2432
7717
3798
9674
6260
9867
9253
8600
8179
8341
9894
306
5931
1086
2515
6548
2574
9194
9574
2133
9321
5303
6610
3151
9990
1922
6448
5395
142
5878
4245
1358
6401
5141
7884
6794
9624
6206
4974
9105
5182
4024
9337
3022
7491
8420
8749
8803
4309
2199
5969
5528
2825
2707
6897
7593
3533
3095
9433
9462
532
2085
5780
5377
8423
6397
7858
318
3694
5052
6380
857
7191
4095
8230
6661
4330
420
6453
569
3710
4664
2185
3538
156
4310
5214
1110
558
2249
6540
1516
1279
9038
3427
7434
5206
5289
7294
7646
9919
9755
9094
3099
398
8670
502
4227
4532
835
9223
2150
1145
332
2724
4025
6437
6421
8858
8883
2330
6534
8367
3012
3566
6886
9923
1033
7324
8583
6167
240
3044
9275
2284
672
5701
3810
6439
1415
3327
1548
5408
8632
8656
6528
4343
9448
2897
1602
9384
6672
8006
1923
3193
9051
567
7232
4594
412
6849
6430
1391
552
8261
3721
5470
4670
279
2086
3490
1918
9913
7199
679
5567
5904
4500
7025
8072
7651
3451
7034
6581
38
96
883
2089
5267
4118
8251
8303
8161
8616
2274
3188
9109
3097
5004
5044
9206
224
7153
9262
9367
2105
9687
4048
6300
8973
174
2996
9862
272
9428
1525
5823
2995
8023
6878
9042
1923
232
7555
8379
2404
4523
635
3239
4090
5805
3640
3097
6310
4992
3854
5752
2343
2552
1876
5371
8496
2095
4932
9310
6463
8548
2153
292
5236
288
489
3707
3450
2498
1154
3034
4486
9190
1608
4624
6849
5415
7368
6951
3801
7421
9521
2941
6938
5767
4190
9941
3017
2452
6981
4899
6191
8631
1978
2390
4325
3896
5848
8469
2530
3789
5512
9282
1082
4320
3169
6639
2084
4503
367
9158
2842
1778
5883
9636
5854
4377
5757
7482
9906
7118
8812
8236
5838
5890
4202
642
315
991
6678
1447
3806
289
5814
7368
1276
3058
2594
478
3443
4201
4486
7750
6227
6956
1724
2448
4360
9224
9214
5167
5415
5331
5846
66
811
2434
117
8756
7607
1990
2264
3871
7349
4595
6326
3721
3484
1930
2188
6696
6205
1247
205
8491
8743
4285
7630
8406
9723
6519
8014
89
5825
4401
5256
764
8900
6822
3177
4998
9751
728
4277
8511
8639
9355
5795
6177
7599
1842
9490
882
8131
7821
5133
1370
6333
6790
3275
3614
2945
1180
1239
6665
15
7460
2894
5041
7854
9720
1147
9738
423
1052
5853
394
1472
8332
5099
5138
8497
1352
4269
1952
5136
3149
1541
3268
3844
8576
1487
1183
2320
4511
4387
2808
2194
7513
1659
9609
4828
3332
7167
6008
1324
5655
5429
4122
269
6728
8955
7444
5307
2017
9209
4555
6127
7539
2905
6672
5490
310
7382
1773
2731
7003
7013
9231
6256
5255
9765
8248
2612
5569
4063
1063
5869
8533
6274
2717
9655
5362
1139
9264
6157
154
2536
5182
9488
8287
2523
1845
9718
718
1400
9528
4532
3741
2897
3746
1851
4259
3583
2794
4649
4353
5718
4151
9639
7011
985
4703
7671
2224
5576
3464
4963
1627
461
1952
9021
338
4546
2267
4175
88
8115
935
3511
7920
5065
8520
2693
6007
8947
8171
376
9069
7798
9687
1043
1701
9783
5581
4479
8204
5192
2700
7204
2086
8088
1817
9014
8297
2221
5227
996
307
1129
7017
4479
4056
8902
1002
5556
6504
520
4115
3563
25
972
8729
3471
1830
2359
8495
8926
4651
6968
9864
7391
476
1857
2466
7267
202
5146
3253
8342
7185
9
3454
459
4485
5409
1132
4710
7766
5937
5423
9473
1848
6385
351
9054
8981
4061
5897
2506
8256
9414
678
6130
7384
4730
1180
4157
7346
4976
1457
8203
8068
6056
7124
6578
4883
8653
2154
8491
1367
7092
7499
7061
6630
7750
6369
3755
3772
6533
3184
466
7119
199
5023
3985
9287
6344
2790
4977
325
1096
5251
3401
2051
6664
2380
7886
30
5628
9003
3381
2257
4835
4992
5254
7986
3290
7360
7557
5404
3383
2439
1440
9665
9735
8440
4363
6259
7396
8935
4248
912
4041
5707
5034
4771
7010
9138
5058
4966
2198
592
3096
2161
3056
462
5542
7364
8394
6497
9545
159
4610
1430
299
9130
7929
4376
486
1326
2612
1987
2527
2102
6439
7038
2464
5312
1346
5895
7451
8778
6165
21
4650
1223
8193
948
8728
2120
5740
735
9300
5922
4218
1668
6173
6798
1498
7218
2762
2256
9776
6284
25
109
5398
1131
7289
6263
6066
2055
7664
4061
6319
6266
4429
1562
4131
5407
9883
7418
7465
5475
5673
1130
991
903
6052
1165
9439
2972
3991
9263
9491
9362
1026
6537
9367
6126
9025
8353
2374
1868
1803
3605
6276
4948
2382
1035
5610
5748
4178
3330
8522
2017
7981
8591
9478
8848
4483
6533
4886
2541
6993
3008
967
6267
9221
3879
370
1614
7933
166
3865
1329
8091
3821
9437
1428
38
8417
8433
1772
2000
6715
9645
9445
1486
9611
7450
2352
7584
5111
3454
1158
3645
9709
2539
983
7766
7190
7016
7437
2484
4601
8337
2343
6886
8572
2586
8691
8225
8733
8950
2855
745
6810
4115
1052
3590
5673
8859
2039
2535
9324
8713
6014
6367
5435
40
7243
168
3024
6765
154
7633
6586
6192
3412
6019
1237
8020
4093
1556
5490
6699
7309
4464
1814
6752
6801
9549
8779
8753
1506
9196
9904
2534
946
9996
6350
7040
7313
9550
1433
48
2554
33
9556
8255
195
2430
5133
6261
8721
5812
5485
9002
5978
1287
9993
6604
9066
191
8297
7561
7722
2608
6128
997
5523
483
494
3918
5881
8241
2648
8906
7136
2408
1037
955
829
9408
3215
802
965
3373
805
7225
7340
8446
8961
7830
1640
7396
1585
5521
9343
7772
951
8030
7779
1456
3927
7174
8636
4301
1236
3994
8284
1317
5232
3804
9423
67
4327
8721
7886
3642
5290
4493
3411
7757
8650
5479
8481
8127
8033
7915
8335
9899
2534
4807
5485
2784
1261
1337
6740
4169
8973
1873
2886
6577
876
5474
7749
890
727
3213
2812
7687
3079
5748
6325
5584
2574
5406
3927
9125
2613
6175
5750
4021
896
3093
5304
6925
3082
8633
8843
8083
5774
3305
804
5657
5890
9534
8740
9702
6455
7083
6265
7943
4982
426
1155
2631
2282
2000
807
3160
6669
7365
3993
4400
1860
8611
9132
9416
4314
6040
729
868
3491
8726
7578
6533
3332
9383
6240
8278
6075
7503
1937
4813
4101
5995
2298
9735
2912
4768
9227
4000
4613
7856
4018
9508
692
2270
8561
833
7783
9800
8269
2358
4104
5230
1294
8538
3107
33
9440
4668
5680
2845
9563
2565
7663
3470
9790
5460
5099
8462
6442
5191
2282
1446
1432
5812
3710
8558
4006
1852
5632
6513
9780
6102
9065
3374
4883
6045
5590
6331
7891
3487
794
5827
6851
8090
7717
2396
4732
7690
2425
5891
4632
4894
1115
8570
7669
2784
7138
5432
5618
4296
7743
6678
952
2453
7450
8611
1871
8256
4874
5180
2651
9451
1894
376
4334
1464
1610
4552
8513
3014
1614
9305
7034
2281
3090
4182
5133
4807
411
2527
5963
1132
9377
2475
56
1103
5170
7826
1933
8565
1572
9266
2538
2086
9995
7479
299
2463
6620
6512
1478
7610
9961
827
3247
5376
5513
39
5915
9269
2077
9319
9153
8587
1727
6544
4040
573
7717
2080
5780
6222
1181
7878
7679
6564
5929
5628
1318
6667
6009
1871
9958
5427
8565
3206
2526
4569
153
9520
2889
3665
9070
7337
6435
7708
4578
1250
5391
214
3784
2075
4675
8941
3985
6890
2635
8200
8841
5625
2730
4355
8852
4528
7961
9602
6733
3366
6613
1996
9892
4025
5882
1344
4194
9194
7924
9329
7611
2492
23
1140
9614
1331
1837
9693
936
6764
6587
5697
9872
6642
6309
3893
1417
4266
4401
3885
5655
6395
7286
7631
313
3740
6110
7118
9734
151
4024
6840
9902
5221
9569
3411
7961
5003
8786
128
9152
6372
8131
3969
8862
5730
489
6882
202
9679
2525
2936
1276
572
1232
1760
8977
8493
1127
8681
4090
2893
4436
4399
6882
7853
205
7081
8373
7575
891
4372
9284
8631
194
6772
7864
3606
5797
8761
7096
5816
7164
5950
171
8562
8835
2883
8438
6952
4453
400
6518
5913
6130
1434
8889
4249
9286
9530
1766
9262
6617
5522
3736
142
2503
1025
5967
8381
8348
3847
9868
3291
131
4771
232
7437
9322
9645
1105
8231
5242
7385
1604
4655
8734
5522
5204
9273
3458
8126
5121
2797
6308
3075
9275
3711
837
5504
1010
1653
4427
5878
174
5799
7285
8026
911
8603
2045
9928
2561
5519
4657
9098
2133
1842
9638
3160
9979
755
1430
1926
8704
8152
141
9110
1745
7716
6120
7037
9323
5658
375
4465
9189
6280
861
3944
7591
8033
4369
8134
3682
7548
2957
1752
3823
4562
591
4128
2104
5087
5313
9219
7384
8568
9762
745
5471
619
6735
5380
3676
2397
6652
1516
4327
2601
9878
3986
9033
2877
8140
3048
8267
7033
4749
2179
8571
5337
4977
1738
6635
894
1241
5424
8009
7601
5972
2920
639
1224
6237
385
6677
8144
9681
9645
4452
2727
3069
8629
3620
5743
6242
5898
2219
3511
4038
6235
368
1237
9400
6997
8296
6244
6310
2623
7113
8939
1375
1118
2134
3235
5109
2952
1900
772
3916
7853
9034
4033
2603
4739
1168
2077
1033
475
2676
3964
6563
3842
6447
7522
3748
9505
5554
3852
3509
2170
5094
3135
5922
380
4133
5687
1617
5734
2900
5826
8305
6295
1654
8124
4771
6459
1136
4776
221
278
9102
6712
8900
3885
1396
2064
6723
7064
67
5479
2101
7591
9872
106
3657
7552
7067
7048
7260
803
4999
2044
6473
6746
1968
8221
4898
2168
8532
5605
631
8620
478
5389
7555
1125
2830
609
9711
6112
855
844
9826
6647
8930
6901
252
1875
3637
9908
8932
4307
794
536
2719
8399
4779
1696
1519
4234
8430
4315
2653
9860
2648
9393
8978
8875
8283
3287
3669
6896
5092
441
8449
7765
6321
9046
2550
2942
5205
1788
4193
6145
3479
3583
9646
8655
1151
3369
183
3524
8107
4476
294
7172
4394
7394
3174
4042
4100
5038
4955
6321
93
955
1698
287
7109
2434
5549
8602
6629
6340
5258
3594
3970
9707
5479
5207
3171
8243
2063
7448
5916
9965
4024
9678
5418
8122
1942
502
8794
8115
4084
9016
2060
5767
885
5996
7206
1338
7456
1888
3358
221
5141
9852
7651
6971
1120
9337
9878
1736
2690
8593
8228
8073
8450
5639
8069
7342
6920
3101
9509
1541
4845
3876
3512
1764
8795
7774
4181
6382
2359
7741
8970
5348
6956
1972
1906
3371
3077
3465
14
4388
8478
717
4714
7017
7606
4937
5802
3765
8229
5720
7478
29
9929
6329
9449
9852
1321
546
1220
7995
3771
9418
2238
7309
6123
8614
899
3081
5956
9121
6692
3551
8512
930
9590
6166
1591
5280
9400
9048
1719
957
567
8255
6905
4553
4357
3794
6443
2990
1653
9990
4033
4168
2429
2991
9235
359
9446
5779
1506
684
222
992
1840
9416
4975
4497
6569
4600
993
846
8770
4636
3063
3908
7265
8921
5627
7364
7750
2166
8146
3731
6057
4978
7985
1409
3416
251
3520
9271
7482
1437
3675
3012
9870
2773
7471
5284
5066
2211
5163
6715
2348
4624
2041
5339
5258
3182
261
6237
5459
7432
3627
4721
3506
3109
4079
1293
9226
2248
9311
9006
969
5597
3802
8342
2434
5365
825
833
568
2193
62
9616
7460
2151
4411
3940
6517
6871
888
7124
4254
6304
1806
8753
5474
7163
592
2785
4012
2191
3918
3054
871
9359
7921
9909
6333
596
2215
42
8615
1949
6985
9491
1794
1383
2421
3530
1977
4045
4580
9037
7654
4615
6691
4526
3061
6500
562
2013
7652
4533
8628
6417
6598
4451
5720
2448
934
4819
43
3439
9447
8404
47
7009
8053
7683
9324
5279
2419
1973
956
4309
7061
3205
1737
4078
6930
8634
468
8266
9357
7959
5889
1978
4024
8881
4771
4693
197
1730
6358
8293
1262
7525
3926
1566
5292
8906
1705
6185
9754
8246
715
8159
8631
488
1812
1713
3469
4808
1142
6088
8391
3727
4033
6952
3241
6693
4357
9163
8582
5970
3377
8719
4849
9678
1963
6129
3057
7868
3081
4363
603
2466
51
833
4645
2236
4464
1546
3924
5210
2318
1106
6789
8521
1713
3154
8874
1787
4085
9086
548
330
5074
6431
3870
5864
2228
1998
4659
5294
7085
2111
1623
2627
6217
9974
4873
8471
8181
6627
2894
6834
6801
3498
6276
7685
7222
3614
4240
6018
8122
5933
521
1010
8511
6031
1034
5368
5959
6644
7265
721
9239
388
495
6479
226
9889
9927
129
8833
7766
7255
7466
9266
4413
3481
7653
244
6357
4439
2353
8755
8518
4538
7835
1392
682
9495
2334
8902
659
538
3934
8282
2794
1296
8101
462
8770
5776
9011
6792
1396
2589
125
9694
9327
2796
5906
5558
4164
858
4451
4381
8726
6386
9812
6244
255
2148
3079
9311
7092
5221
5220
6304
5695
6267
1139
2093
1261
6484
6894
4106
4248
1131
1886
3627
2013
5804
3607
8965
2179
3610
1814
2409
7450
3170
4681
7539
9153
6833
7078
9065
5622
3446
8555
2367
6953
1557
9811
3843
8219
7738
1136
8970
6485
6661
1499
8117
7032
4282
5761
6868
3645
2653
2877
3281
8487
7958
6564
615
3877
7284
8445
7768
2358
8806
9487
1953
1068
5044
1363
5867
7951
1120
643
3372
5746
9873
1096
4320
2729
813
8216
2627
3260
3251
3777
4229
5082
3526
6208
5433
1102
2568
7572
5871
27
4653
7964
5739
5146
8061
6219
3987
381
7154
6836
3157
3359
2058
6644
9481
8129
7423
951
8207
2534
5990
3259
6722
4853
5699
5944
5034
6414
1883
7058
2784
1208
2027
4323
4853
8417
5893
5308
2152
263
8256
8473
3756
8358
2506
3130
4723
354
9740
198
1249
7394
2719
2319
6842
2080
6562
1789
9825
9493
3413
1895
6684
3058
4253
5251
1353
4265
7814
411
8855
8030
7275
4719
1033
4170
8293
9826
9606
8034
1110
9181
6634
8776
7968
9291
6859
5761
15
8940
1517
3945
7033
4100
8114
4372
8636
4258
6930
4307
9389
593
8833
5479
2625
6437
831
828
3070
2560
8444
2102
2157
5868
3673
1557
7441
6687
3404
3876
1891
4874
6620
7220
146
42
7095
780
6054
2481
3640
7019
6293
4314
3460
3263
5559
2314
5574
4536
8235
8457
5168
5039
3122
5096
7711
1196
2903
9189
4644
7754
9837
6650
2849
8394
3723
4070
8943
1399
2851
6183
8982
1130
1520
3878
3604
9178
7429
2945
1232
7113
6436
8477
2064
287
3653
5036
6145
1073
419
9225
8843
2188
2170
9506
9437
6792
3081
2309
5254
5310
1578
2118
6326
2483
1844
9510
4602
1445
5580
534
2984
3515
9837
2020
6807
1438
1846
988
6061
1667
4163
9046
6769
1222
2059
7966
8035
6738
8120
4158
3091
3185
9728
7862
1816
7582
3421
353
2948
7752
5344
840
2280
2388
7364
2055
367
4499
1869
851
9896
8976
5539
2375
9240
470
6828
5934
5310
8693
9636
4460
1289
7239
7584
4927
6874
4028
5277
4373
640
1931
734
9521
9629
1363
7170
4157
7298
6231
5108
4506
2064
8042
9187
6881
6291
3855
3698
3142
6338
3642
2193
3673
2285
5342
8023
3091
8869
9281
3496
4008
1202
5469
4671
31
9025
3537
2165
469
3067
3318
2823
6458
3964
4811
5225
8498
8003
1736
6217
1497
9704
897
3876
3116
6945
8631
5396
8975
2855
2173
9599
4955
2892
4807
3509
6043
1130
9154
161
7455
1361
7714
1610
2980
4632
3428
1502
4928
9356
7914
9938
6604
7862
6823
5944
6345
2356
3365
5625
754
3538
8087
1554
8363
5903
4862
1843
1577
8706
9878
1068
2913
8343
1591
9646
2514
8751
4995
5179
7027
4591
6876
1692
2597
9061
5756
3559
6622
8118
3461
879
2244
4800
192
4427
4635
8209
9608
5460
803
3311
2859
7116
3399
1866
1766
1959
4710
3675
7855
537
3119
4342
9254
6677
9459
4342
269
1918
6960
4529
7565
2702
4963
1008
373
4384
2903
9662
4564
2873
9528
5890
7485
908
7656
1414
2476
6217
9851
3043
5172
1992
1737
938
3159
113
5786
5880
1859
2490
6719
7543
3309
6350
5059
7254
6562
2149
1837
5564
2697
2990
9661
5453
9154
8338
9639
2747
2333
4786
1668
9461
2942
9885
6917
1797
7344
4842
8648
4511
8821
9290
6146
4268
9046
3687
7036
3368
8889
6220
3185
2927
4248
5602
312
8908
8338
7170
4951
426
8104
7898
9977
7714
9470
1111
8590
2586
4250
2949
1329
5519
895
5417
5345
464
3617
6871
3369
176
4396
9981
2527
7196
8648
7463
4003
1138
7197
1280
2185
1731
8945
1474
6786
9664
3337
5483
4837
2899
2933
2063
6979
2063
1966
3531
8438
2076
6072
2327
3872
6937
9859
4043
2145
2785
4614
3239
5725
210
723
9868
5469
2585
1138
9898
4468
6300
3140
6076
8733
1119
2214
3609
7525
241
2724
6796
475
4130
8369
1764
7036
4747
5956
5897
3971
3901
6675
2417
4863
8512
4281
7409
9685
5354
4550
6417
5016
1629
6586
9983
4737
737
9981
3790
4488
5050
7752
7750
9001
4554
8972
8266
8127
7507
918
7758
5331
4493
2253
4115
4027
1468
2203
5198
4480
1677
2664
7533
9264
1828
6702
9711
4798
4838
693
6826
7063
7041
27
2557
7478
6636
7022
8071
1481
4774
7016
1521
7037
7971
779
1971
6369
9120
3
8910
8402
1386
1212
4811
7823
5185
1050
2659
3041
2325
3520
4612
1191
4300
8525
50
9712
5457
8360
5954
5758
2800
6477
1023
4400
2051
6373
6347
9489
528
5774
8621
4477
6155
6042
6981
7985
2195
139
3629
5626
2471
5307
1918
6008
2947
9710
8791
3050
6379
1950
5328
7928
2494
5628
6579
5814
4688
4480
6944
8576
3957
2006
3602
2810
4432
3367
5916
2745
1930
7460
7556
1966
8934
8486
3388
8065
2544
4071
847
8709
1580
7816
3985
2929
9963
630
4765
4977
6347
3849
9508
7705
3882
5846
8100
494
4464
889
1330
2283
9102
9218
7624
7653
223
6263
5552
1837
5540
9918
9110
51
1310
6498
7466
6465
1640
2407
4733
8730
5462
8629
1486
1674
8912
3380
5490
7800
9893
1340
4683
7665
1889
1564
774
1533
6823
8258
9166
3528
2355
4543
3588
7609
9532
9653
3089
1188
4581
4382
8271
8079
7520
5460
4221
4300
9873
572
6662
268
8321
6146
4339
7504
6562
3480
7580
1821
3079
6425
6884
3058
5408
3518
2988
6311
393
2936
1218
1088
766
8549
7264
4
9478
5790
2928
9801
2422
4359
5713
1052
107
5230
844
5113
2263
7744
2358
4747
3949
2244
6571
8330
8035
6064
5627
327
426
2636
2136
8792
5764
7513
9348
6411
6491
2449
1557
3444
1903
6582
2016
1795
6025
8834
4007
2677
2728
5438
1451
6234
4008
8471
8072
5318
6655
6027
6321
1022
139
8761
5987
4625
7310
8724
6552
7880
6860
8148
3339
627
742
3909
1743
9177
7373
2617
6296
1555
4598
8341
8857
9064
9664
4209
6900
793
9257
1783
99
3548
4841
8321
4239
153
7659
697
8310
5179
5888
9185
1291
242
8072
6320
7055
6458
4365
1112
3077
4458
923
95
5107
4106
120
6314
8656
9201
7970
7312
3366
6038
9138
4640
5588
4305
1230
9246
109
1382
5211
2662
6973
1487
4922
4935
4866
1129
8937
4489
25
4098
8661
1275
9413
3035
1574
5779
4895
1160
7083
5651
9008
2517
7969
8145
1890
7152
5989
8732
9752
7743
5188
2469
3370
6182
8374
6337
623
397
3408
3837
3940
7963
7777
7027
5454
5221
9536
8484
2701
7572
5519
6104
3329
6520
3786
2892
3372
2180
4668
8968
6232
895
6238
3126
9820
5800
3257
1762
197
8355
9950
6435
4123
3483
8858
5880
4428
674
5992
3796
2910
950
5081
3940
5270
3174
3490
4858
3607
4115
9876
577
7639
1850
7668
5819
4060
6817
2998
5279
9861
290
1678
8880
3910
2372
7261
5197
3800
8838
3621
2697
6484
5983
5003
3012
20
1127
2875
732
3383
4109
4284
2804
1138
4037
2850
7135
9500
5795
1285
9420
8371
9512
7679
5372
4350
2113
8391
9370
6090
2353
5570
2662
1082
8020
9388
6552
3032
2481
4088
4471
15
1910
9422
1530
1025
1785
2172
7051
6011
4356
6557
9953
3906
88
9453
9167
624
8269
3598
8323
7557
5812
9897
9584
9359
4364
783
5704
8595
8117
1664
318
9293
1193
9368
8635
1701
5316
6543
8287
4902
5796
1622
2019
8704
1721
4883
8499
6704
4668
7852
2446
6744
324
1283
322
558
9454
8962
3587
722
3736
614
6339
5017
2046
9740
4276
8237
2424
5266
9970
2142
9447
3928
9156
8754
2963
663
9420
5544
4759
6372
2602
9198
5605
5774
7570
7914
9243
6080
8238
1364
5348
478
1539
9922
6612
5063
8923
4041
9092
8690
8357
936
3937
6604
5648
2745
3329
9961
276
7662
1132
1925
531
4009
1229
5614
5729
1976
6023
4564
457
8086
9229
5969
8214
258
358
9757
246
2347
3760
3303
2340
608
2169
7161
7355
8376
8875
3128
6545
4646
4959
7670
827
2600
9683
8978
7832
3045
7943
3533
9510
5394
2763
690
9527
6375
7794
6273
573
4693
3876
2056
6782
2076
7305
1828
3847
3202
9555
5538
3571
5678
3702
1299
9152
8305
6973
4301
9830
2366
1705
5693
5722
8863
8881
7574
5100
7806
827
4421
5208
8065
6656
6113
3400
39
843
1356
1127
4757
7539
310
9203
9557
5359
8369
7264
5313
7104
8300
3743
6281
3178
9430
895
448
7166
6862
306
8217
9336
5651
9205
5804
7075
8062
4445
4420
4974
6526
8572
1651
4487
9640
6299
8403
5476
4888
4158
68
4642
7318
6796
8444
4181
5987
8137
1298
6509
3143
2648
4427
6885
2355
6430
2293
2257
2845
704
8846
451
809
2866
3048
2759
2112
8478
6254
7916
3803
8340
9583
8938
222
3525
1613
6100
6115
3417
3476
1508
1145
4326
6824
2774
6226
7349
9662
2730
7484
3163
1966
5519
2646
5269
3612
7296
8733
3627
4262
7829
9823
3825
6979
1660
196
2935
4266
4272
5673
3089
5891
3349
7525
8712
4292
2066
8307
7055
1344
5769
1639
4803
4008
5116
625
980
286
9064
8852
8498
7974
8876
4045
693
6273
3614
7603
4079
9054
2334
1173
2692
2379
5645
6914
8054
4428
5100
4123
3183
7396
5095
662
2690
5044
4954
3285
4730
6290
1968
2568
5835
2553
2946
8029
8285
271
5898
7308
2613
9588
7754
1369
9795
5126
715
1559
5018
8617
6134
3468
1197
9184
1734
6856
5208
9689
5445
5824
9038
604
2664
7185
7054
5291
7497
1002
7284
83
6358
4731
6834
6975
4142
3084
528
6751
985
7111
6188
6795
8784
7978
3531
7752
6753
4814
8069
2845
1320
7888
1280
9100
3987
8010
7863
4590
9888
3311
2481
4415
4695
9810
2615
5238
4096
7489
3340
9117
7417
7494
3340
5612
637
8674
6600
3314
7910
4948
2426
9034
79
5243
7444
2354
2345
7998
3559
7800
1041
8316
9381
2964
5033
2625
6082
2512
5793
2794
8853
2276
8794
556
3571
7118
9057
4983
3526
9024
3718
8605
2354
9292
4410
8316
7402
5096
5420
9577
9372
3419
9588
2011
5169
7037
4515
8165
1006
479
7615
9498
1720
2971
6845
4232
1780
4010
8072
8225
219
7413
2636
8737
5990
7116
5537
3665
7508
7410
1668
1458
1759
7488
3600
6488
1671
155
162
3167
1137
1990
7678
20
3579
2425
3404
5744
8647
2476
3912
3470
42
906
4337
3991
8148
7217
3248
5058
2664
7410
7280
2527
4192
2427
2011
368
6128
3385
2491
6893
8799
3550
2308
8914
2826
5073
337
8524
1795
8077
6551
9499
6316
9
5331
1921
6351
511
1951
4749
6105
1904
9361
9396
5009
5671
8841
5161
6650
5580
3143
2477
1592
1155
7905
9379
9457
748
317
8967
2376
7476
7577
6720
162
5854
8728
9736
1308
8306
3453
5838
5233
1645
565
1975
7941
1318
4633
6651
242
1943
6939
7181
3339
1300
5745
476
5847
9160
9048
4353
888
1225
8851
5593
591
1642
4502
7913
7293
6917
296
6186
3144
5523
8522
7733
5740
849
3490
5440
8994
4336
6925
9314
1034
8190
9687
3315
8643
1765
3367
9913
4288
2957
2293
7546
5057
6419
3246
969
9621
9159
133
3346
958
5327
8698
6022
1321
6172
6855
9764
585
6711
5748
6669
2446
9499
1003
8348
7567
2255
405
8037
1749
7040
9188
5706
770
6352
7567
6922
7942
4822
4284
3510
4780
6638
2772
9271
3484
364
9534
4274
2973
8889
9924
2780
1865
2591
7851
5750
6423
8410
2418
7603
2852
6590
7844
7324
7136
8143
8271
8384
7796
1017
1444
5873
9478
4861
4949
4304
8404
4554
1993
8853
6249
9276
3366
8671
9387
9503
8737
9512
4384
7184
1171
4763
4810
8708
219
4486
620
572
4987
1779
8458
263
5602
6269
5705
6914
2420
4251
5789
8253
1970
263
7096
1283
8785
2272
3484
2975
7315
2281
7479
7040
6038
6207
3898
1928
5349
9215
3398
232
9571
9765
1689
2142
1386
7746
8600
4034
2072
3607
1832
1622
6635
889
7282
7408
4310
7032
2519
3629
8833
2893
6533
5840
6047
1079
7172
346
7081
1112
9782
1793
3412
3297
5822
4730
6743
9039
6600
3581
6675
5205
6828
8430
7815
3465
2354
6404
5030
9811
2698
593
8061
9850
9571
1335
7452
9624
7251
2038
7885
5006
6866
5819
5712
6836
4487
7428
9264
155
3708
3737
9832
1694
7780
6027
3502
6001
8293
8271
861
9416
1909
8883
2791
4009
3172
3587
1052
6392
2482
6999
5514
2900
4050
9545
9008
9224
3414
4509
33
9088
9057
6829
3498
4107
7816
2965
8638
6429
4247
8658
9437
4213
1345
7582
3923
1928
3593
931
7920
2383
4005
7370
9602
3974
3734
5659
7066
9173
6740
9417
1945
7609
337
1508
1895
3729
3201
8794
6635
2687
7834
1239
8942
6925
3836
9951
758
8773
9937
9034
3484
1709
6321
1379
4554
4257
4788
696
5148
8558
1659
5743
5970
7236
6970
8018
3871
9512
8583
4940
9967
4364
708
973
698
400
1151
1931
9366
3146
4857
4546
7023
8373
3657
8542
8293
6057
466
6140
1961
8895
7066
1199
9991
7197
1330
2853
7135
5742
9729
8062
9616
9666
3954
759
3716
6997
6917
6659
6285
2481
971
6914
7218
4304
9633
9666
1056
2876
2881
85
203
8386
9377
6380
1967
1193
4222
1693
3237
2338
8860
7558
8447
1250
1877
1925
8876
5338
6291
3035
2874
8690
2223
3025
4689
9752
835
8185
3246
1987
5664
2394
5912
7708
5426
6905
2152
2027
3193
9359
3704
1484
2234
1633
9387
5013
122
6852
4853
2126
551
4455
2460
1329
1020
955
8651
40
9631
9981
5107
5742
2089
5909
387
6378
1643
8247
3031
5687
2357
2118
6075
749
9250
6184
7665
5498
8548
6631
294
1381
9269
7050
3571
1579
3684
4343
9718
8207
219
2606
758
9958
3849
7844
801
7945
9148
2697
3877
3436
7339
2083
2976
5267
9980
9065
7167
9058
8031
2173
1280
5029
770
7633
9794
6463
9775
7034
2569
1861
6372
9993
6303
8623
3503
5720
814
9724
9931
4601
9228
7887
3296
909
3529
9241
6076
829
4539
7467
6232
146
6038
8162
2958
2071
9372
3077
1870
5743
5641
3025
5876
7825
4298
4821
4306
2736
3656
2772
6667
2929
1905
4367
5497
5560
2323
483
9907
4161
9813
437
4836
6879
4732
9792
9871
3491
7337
7018
437
3648
1563
6884
5772
6504
4349
5982
5299
1884
9699
912
903
6428
1550
8562
4673
8516
3759
2230
4793
7193
7523
1579
6945
6554
5773
25
5967
779
7814
3521
5784
2905
8417
6676
8539
1880
4989
132
1579
8074
8452
8238
3969
9440
929
1178
7849
5357
6817
258
8137
5199
412
9351
473
6556
3961
613
9933
9185
3468
7876
7222
9024
4201
323
7906
7752
2990
9605
9841
3284
6635
4088
2406
9641
2847
8104
255
665
8516
617
2113
6556
1990
788
1353
8054
5900
9
123
557
7954
1696
7971
1840
7475
719
6840
2927
8784
8326
2417
7668
6943
6422
8817
1317
4866
5715
7692
5654
3047
3161
7626
6554
4051
6164
2390
6614
6387
141
7189
9051
255
3725
6505
2163
7986
8707
6849
2239
8802
9211
7305
4349
725
7188
6588
9266
8671
5114
9081
2579
2152
6239
579
3283
7598
7792
8443
9410
8444
4642
3374
9612
946
529
1291
3397
3529
3672
9691
7424
7528
24
1809
7380
3181
5106
8593
9764
8343
2578
796
1856
469
1364
1003
5939
514
3045
282
6849
3624
1506
9069
8913
1895
3220
3531
794
7145
1474
3120
8115
1333
2254
5680
254
1465
3424
8318
2766
4136
4873
4262
4809
3103
6331
470
5278
9474
2566
6861
6793
1446
5580
9603
6177
6299
2997
2355
8553
9453
5829
6748
122
1408
3991
4047
3255
1076
3017
1404
158
1251
8839
5264
3269
2540
7519
2858
3049
2038
8375
1911
7171
1174
8923
4852
6667
7447
1939
4025
771
7892
9609
453
2284
3775
5136
5571
1580
3853
7743
3823
380
4927
4945
3867
6693
3636
2659
2930
1035
9522
4928
9135
5601
5984
4278
1514
5957
8847
6963
4832
7391
2512
5053
1592
8125
3688
4339
456
6855
848
4319
3737
6541
4351
9407
5034
5226
7522
8404
4854
6693
4624
1318
4338
7578
4641
6264
6988
6384
56
8879
3570
8797
7756
3054
8945
2713
2338
4197
66
2472
1332
5708
6126
7645
5058
4623
9462
2134
3746
7695
218
3381
8827
3554
5449
9235
3316
602
2714
870
1867
3595
2993
8719
2138
4831
5676
3490
7754
5195
8507
2479
9119
3624
5848
9551
2461
7897
2524
9658
6757
2744
2340
9905
8237
4016
3598
9447
305
5675
2907
4761
1722
5241
6159
6312
8696
8609
9179
5113
2175
5418
6408
2125
2839
9345
3053
8803
4953
6440
944
3666
5769
2332
1229
3271
2413
1118
4366
9778
9409
747
6823
2301
3138
5538
3290
6300
803
8991
1577
8843
7229
6397
3861
9835
5208
4835
7698
4179
352
8066
7963
2321
5665
5374
1334
2129
3960
5508
7291
2896
5538
1118
5505
7566
9079
7093
8280
3735
3069
8810
3383
9026
1138
1371
6753
8095
2701
8872
5261
5213
9577
99
6466
1311
860
5084
2688
1295
5933
3146
7616
5300
8857
779
9032
3932
5419
3977
6808
6770
4196
8573
7168
1463
3767
988
6012
1048
206
964
346
2986
2272
1921
7730
6861
6300
7361
5062
1613
1966
2113
465
9851
5242
9230
8985
1445
5059
1303
9629
8801
3392
1519
9111
2931
478
1289
7011
5269
4376
2891
79
141
9796
2488
6753
1196
7156
4363
3442
5227
8131
4810
5121
3499
4856
545
5731
8625
9151
2863
8525
5196
630
9474
8514
1543
7502
4634
1469
6633
921
7422
1167
419
7480
2712
9028
5184
5461
1220
1671
6468
8936
7146
324
2136
5006
9734
4368
5736
4991
6861
6162
689
5194
1625
9253
7996
8798
4002
1567
8710
5951
8042
6166
7303
174
4058
9222
3775
5633
1805
6084
2565
5221
8911
9674
8049
9254
4938
8752
5404
8182
8740
4525
1925
6325
4020
8265
2904
2754
9099
3567
397
4383
6650
7495
4569
3223
3861
8271
1342
428
9430
5881
5245
9652
6613
3073
609
1573
6082
7767
4650
9672
3005
3199
661
7005
1967
7904
6673
9345
8064
8294
5558
1478
402
6967
5084
5989
7562
4637
1987
8318
8248
790
4040
5360
6141
4179
9086
7026
6280
1891
4373
2976
7181
7755
7239
5969
2865
4299
5029
7274
6897
4309
6871
9392
8803
2609
6402
5994
2847
6943
5588
4477
3943
4905
4126
4265
2440
2438
6614
2341
4966
1166
101
3127
9837
3874
2455
8580
4004
7265
7865
3198
9917
2313
5356
3275
6569
1982
888
9017
149
7741
4599
6849
6969
590
7445
9704
6848
9701
8076
5548
3848
288
1895
1326
7275
5625
7162
2022
3498
1606
8572
3479
1825
5696
9119
6601
412
1197
7548
2671
9361
6171
8634
8892
5133
1157
8400
6901
6727
9554
8431
9637
6773
1916
2133
7382
3275
4343
8773
4481
5803
1884
7329
7337
398
7815
2123
4057
4169
9555
2788
4775
9350
